ID,WijkenEnBuurten,OpleidingsniveauLaag_64,OpleidingsniveauMiddelbaar_65,OpleidingsniveauHoog_66,OpleidingsniveauLaag,OpleidingsniveauMiddelbaar,OpleidingsniveauHoog
0,NL00      , 3565510, 5520240, 4215660,26.8,31.7,41.5
1,GM1680    ,    4300,    8860,    5970,22.5,31.2,46.3
77,GM0358    ,    6690,   10430,    6820,27.9,28.5,43.6
90,GM0197    ,    5840,    9900,    4380,29.0,21.8,49.2
124,GM0059    ,    7190,   10170,    3350,34.7,16.2,49.1
152,GM0482    ,    4450,    6730,    3150,31.1,22.0,47.0
188,GM0613    ,    4640,    8430,    6320,23.9,32.6,43.5
222,GM0361    ,   21710,   35760,   26620,25.8,31.7,42.5
300,GM0141    ,   18510,   24710,   12040,33.5,21.8,44.7
384,GM0034    ,   45730,   73890,   48380,27.2,28.8,44.0
460,GM0484    ,   22350,   37570,   25140,26.3,29.6,44.2
577,GM1723    ,    1690,    3610,    2470,21.8,31.8,46.5
603,GM1959    ,   13950,   19140,    9070,33.1,21.5,45.4
686,GM0060    ,     570,    1620,     600,20.4,21.5,58.1
695,GM0307    ,   27210,   43170,   49630,22.7,41.4,36.0
874,GM0362    ,   13470,   22230,   31220,20.1,46.7,33.2
936,GM0363    ,  156480,  207870,  345830,22.0,48.7,29.3
1515,GM0200    ,   34680,   53040,   36590,27.9,29.4,42.7
1627,GM0202    ,   34510,   48610,   45280,26.9,35.3,37.9
1735,GM0106    ,   12880,   23980,   15200,24.7,29.2,46.1
1855,GM0743    ,    3620,    5910,    3350,28.1,26.0,45.9
1895,GM0744    ,    1660,    2370,    1090,32.4,21.3,46.3
1909,GM0308    ,    4290,    6910,    6730,23.9,37.5,38.5
1936,GM0489    ,    8990,   15640,   11710,24.7,32.2,43.0
2022,GM0203    ,   13060,   19860,    9860,30.5,23.0,46.4
2080,GM0888    ,    3070,    5210,    3630,25.8,30.5,43.7
2091,GM1954    ,    6800,   11940,    8190,25.3,30.4,44.3
2128,GM0370    ,    1780,    3480,    2510,22.9,32.3,44.8
2134,GM0889    ,    3270,    4590,    2310,32.2,22.7,45.1
2145,GM1945    ,    7480,   10920,    7970,28.4,30.2,41.4
2200,GM1724    ,    3810,    6720,    3620,26.9,25.6,47.5
2267,GM0893    ,    3080,    5210,    1840,30.4,18.2,51.4
2291,GM0373    ,    4820,    9000,    7620,22.5,35.5,42.0
2335,GM0748    ,   15380,   21860,   13870,30.1,27.1,42.8
2380,GM1859    ,    9130,   15930,    7710,27.9,23.5,48.6
2458,GM1721    ,    6690,   10680,    6340,28.2,26.7,45.0
2518,GM0753    ,    5610,    9320,    8300,24.1,35.7,40.1
2539,GM0209    ,    5300,    8760,    6080,26.3,30.2,43.5
2588,GM0375    ,    9700,   14690,    7610,30.3,23.8,45.9
2636,GM0310    ,    6270,    9970,   14540,20.4,47.2,32.4
2671,GM1728    ,    4160,    7190,    4130,26.9,26.7,46.4
2702,GM0376    ,    1740,    3130,    3790,20.1,43.8,36.1
2713,GM0377    ,    2780,    4450,    8940,17.2,55.3,27.5
2741,GM1901    ,    6990,   11480,    7620,26.8,29.2,44.0
2803,GM0755    ,    2500,    4190,    1650,30.0,19.8,50.2
2814,GM1681    ,    5330,    9610,    4370,27.6,22.6,49.8
2898,GM0147    ,    3780,    7430,    6200,21.7,35.6,42.7
2916,GM0654    ,    4340,    8430,    4140,25.7,24.5,49.9
2964,GM0756    ,    6030,   10270,    6320,26.7,27.9,45.4
3006,GM0757    ,    7290,   10550,    7010,29.3,28.2,42.5
3031,GM0758    ,   32380,   53320,   55110,23.0,39.1,37.9
3099,GM0501    ,    3480,    6520,    3330,26.1,25.0,48.9
3119,GM1876    ,    7170,   12810,    7180,26.4,26.4,47.2
3170,GM0213    ,    4370,    7090,    4090,28.1,26.3,45.6
3216,GM0899    ,    7330,    9500,    4090,35.0,19.6,45.4
3267,GM0312    ,    2040,    3670,    5240,18.6,47.9,33.5
3279,GM0313    ,    5590,    7810,    3010,34.1,18.3,47.6
3291,GM0214    ,    6710,    8710,    5360,32.3,25.8,41.9
3338,GM0502    ,   13530,   21880,   15030,26.8,29.8,43.4
3427,GM0383    ,    5210,   11190,    9990,19.7,37.9,42.4
3455,GM0109    ,    7880,   12860,    5800,29.7,21.9,48.5
3533,GM1706    ,    4470,    6920,    4200,28.7,26.9,44.4
3560,GM1684    ,    6170,    8280,    5060,31.6,25.9,42.4
3588,GM0216    ,    5970,    8540,    7640,27.0,34.5,38.6
3611,GM0148    ,    5720,   10140,    5460,26.8,25.6,47.6
3651,GM1891    ,    4560,    6800,    2530,32.8,18.2,49.0
3673,GM0503    ,   15750,   29760,   38860,18.7,46.1,35.3
3777,GM0762    ,    7240,   11360,    5850,29.6,23.9,46.5
3800,GM0150    ,   19870,   32060,   25290,25.7,32.8,41.5
3885,GM0384    ,    4100,    9500,   11240,16.5,45.2,38.2
3931,GM1774    ,    4760,    9650,    5560,23.8,27.8,48.3
3989,GM0221    ,    2700,    3860,    1940,31.8,22.8,45.4
4002,GM0222    ,   12260,   20220,   11940,27.6,26.9,45.5
4098,GM0766    ,    5530,    9120,    5290,27.7,26.5,45.7
4118,GM0505    ,   27310,   38840,   24490,30.1,27.0,42.9
4261,GM0498    ,    4310,    6870,    3770,28.8,25.2,46.0
4297,GM1719    ,    5900,    9680,    5280,28.3,25.3,46.4
4342,GM0303    ,    8690,   15290,    8450,26.8,26.1,47.1
4392,GM0225    ,    4260,    6610,    3810,29.0,26.0,45.0
4415,GM0226    ,    4840,    9210,    5250,25.1,27.2,47.7
4436,GM1711    ,    7360,   10380,    6500,30.4,26.8,42.8
4505,GM0385    ,    9290,   11640,    6710,33.6,24.3,42.1
4543,GM0228    ,   24320,   37480,   26600,27.5,30.1,42.4
4632,GM0317    ,    1600,    3130,    2320,22.7,32.9,44.4
4644,GM1979    ,   10030,   17450,    6240,29.7,18.5,51.7
4756,GM0770    ,    3580,    6760,    4400,24.3,29.9,45.9
4787,GM1903    ,    4210,    7990,    6960,22.0,36.3,41.7
4828,GM0772    ,   45090,   64370,   76850,24.2,41.2,34.5
4965,GM0230    ,    5630,    7710,    3910,32.6,22.7,44.7
4986,GM0114    ,   27680,   39230,   14250,34.1,17.6,48.3
5097,GM0388    ,    4330,    6390,    3280,30.9,23.4,45.6
5122,GM0153    ,   35210,   53130,   36340,28.2,29.1,42.6
5203,GM0232    ,    7340,   11160,    5850,30.1,24.0,45.8
5237,GM0233    ,    5620,    8710,    5760,28.0,28.7,43.4
5256,GM0777    ,    9420,   14500,    8920,28.7,27.2,44.2
5314,GM1940    ,   10580,   18120,    9440,27.7,24.8,47.5
5436,GM0779    ,    5220,    7570,    3700,31.7,22.4,45.9
5451,GM1771    ,    8070,   12480,    9340,27.0,31.2,41.8
5465,GM1652    ,    7020,   10820,    5550,30.0,23.7,46.3
5497,GM0907    ,    3670,    6170,    3140,28.3,24.2,47.5
5519,GM0784    ,    5430,    9200,    5420,27.1,27.0,45.9
5550,GM1924    ,   11570,   18300,    7940,30.6,21.0,48.4
5623,GM0664    ,    7900,   13180,    7780,27.4,27.0,45.7
5662,GM0785    ,    4250,    7520,    5920,24.0,33.5,42.5
5712,GM1942    ,    8190,   14040,   19230,19.8,46.4,33.9
5775,GM0512    ,    8410,   12010,    8040,29.6,28.3,42.2
5825,GM0513    ,   15120,   21250,   19500,27.1,34.9,38.0
5886,GM0786    ,    2320,    4600,    2560,24.5,27.0,48.5
5908,GM0518    ,  126120,  144640,  155400,29.6,36.5,33.9
6067,GM0014    ,   31590,   74950,   84970,16.5,44.4,39.1
6238,GM1729    ,    2700,    4580,    3340,25.4,31.5,43.1
6275,GM0158    ,    4470,    8430,    4950,25.0,27.7,47.2
6313,GM0392    ,   27350,   41920,   53370,22.3,43.5,34.2
6446,GM0394    ,   31230,   52380,   36920,25.9,30.6,43.5
6561,GM1655    ,    6980,   10630,    5280,30.5,23.1,46.4
6587,GM0160    ,   13940,   23330,    8840,30.2,19.2,50.6
6687,GM0243    ,   10570,   15690,   10180,29.0,27.9,43.1
6767,GM0523    ,    4000,    6540,    2780,30.0,20.9,49.1
6797,GM0072    ,    3600,    5460,    2600,30.9,22.3,46.8
6813,GM0244    ,    2140,    4040,    2700,24.1,30.4,45.5
6826,GM0396    ,    8190,   13740,    7160,28.2,24.6,47.2
6876,GM0397    ,    3540,    5270,    9990,18.8,53.1,28.0
6894,GM0246    ,    3970,    6420,    3450,28.7,24.9,46.4
6912,GM0074    ,   10110,   16810,   10830,26.8,28.7,44.5
6951,GM0398    ,   12370,   20540,   11060,28.1,25.2,46.7
7012,GM0917    ,   23180,   27550,   15530,35.0,23.4,41.6
7093,GM1658    ,    2720,    4940,    4510,22.4,37.1,40.6
7110,GM0399    ,    3320,    6810,    7360,19.0,42.1,38.9
7139,GM0400    ,   13200,   21990,    7480,30.9,17.5,51.5
7213,GM0163    ,    7210,   13290,    6220,27.0,23.3,49.7
7262,GM0530    ,    9050,   15610,    6120,29.4,19.9,50.7
7313,GM0794    ,   24450,   29490,   17490,34.2,24.5,41.3
7370,GM0531    ,    5690,   10680,    6280,25.1,27.7,47.2
7388,GM0164    ,   15160,   27460,   19530,24.4,31.4,44.2
7461,GM0796    ,   30870,   43480,   46170,25.6,38.3,36.1
7583,GM0252    ,    2530,    4450,    5290,20.6,43.1,36.3
7605,GM0797    ,    9860,   14950,    9620,28.6,27.9,43.4
7634,GM0534    ,    4520,    7470,    4760,27.0,28.4,44.6
7662,GM0798    ,    2680,    5320,    3810,22.7,32.3,45.0
7679,GM0402    ,   16790,   24020,   27130,24.7,39.9,35.4
7732,GM1963    ,   17580,   31160,   16940,26.8,25.8,47.4
7788,GM1735    ,    6670,   12040,    7060,25.9,27.4,46.7
7847,GM1966    ,    9990,   17210,    8500,28.0,23.8,48.2
7941,GM1911    ,   10270,   18650,    8060,27.8,21.8,50.4
8028,GM0118    ,   14010,   19890,    7300,34.0,17.7,48.3
8090,GM0405    ,   15500,   25380,   15150,27.7,27.0,45.3
8179,GM1507    ,    8890,   15180,    8580,27.2,26.3,46.5
8245,GM0321    ,    8310,   14050,   15940,21.7,41.6,36.7
8318,GM0406    ,    7740,   12560,   10180,25.4,33.4,41.2
8362,GM0677    ,    6490,    9490,    4700,31.4,22.7,45.9
8426,GM0353    ,    6600,   10970,    7880,25.9,31.0,43.1
8458,GM1884    ,    5810,    9580,    5650,27.6,26.9,45.5
8491,GM0166    ,   12060,   18320,    9760,30.0,24.3,45.6
8535,GM0678    ,    2620,    4390,    2460,27.7,26.0,46.4
8545,GM0537    ,   15610,   22310,   10770,32.1,22.1,45.8
8595,GM0928    ,   12520,   15780,    6260,36.2,18.1,45.7
8617,GM1598    ,    4520,    8150,    4650,26.1,26.8,47.1
8688,GM0542    ,    6040,    9360,    5320,29.2,25.7,45.2
8696,GM1931    ,   12260,   19000,   10590,29.3,25.3,45.4
8777,GM1659    ,    5150,    7780,    4230,30.0,24.7,45.3
8797,GM1685    ,    3180,    5590,    3180,26.6,26.6,46.8
8815,GM0882    ,    9360,   12570,    6300,33.2,22.3,44.5
8846,GM0415    ,    1710,    3370,    3300,20.4,39.4,40.2
8856,GM0416    ,    5680,   10060,    5800,26.4,26.9,46.7
8865,GM1621    ,   10780,   17900,   17580,23.3,38.0,38.7
8943,GM0417    ,    1380,    2500,    3800,18.0,49.5,32.6
8955,GM0080    ,   23280,   42780,   30490,24.1,31.6,44.3
9109,GM0546    ,   19340,   33050,   48540,19.2,48.1,32.7
9174,GM0547    ,    4290,    8140,    7800,21.2,38.6,40.2
9194,GM1916    ,   12620,   19250,   23680,22.7,42.6,34.7
9251,GM0995    ,   19160,   27390,   14870,31.2,24.2,44.6
9399,GM1640    ,    7690,   12540,    7160,28.1,26.1,45.8
9448,GM0327    ,    4310,    9260,    9010,19.1,39.9,41.0
9483,GM1705    ,    9720,   15810,    9750,27.6,27.6,44.8
9513,GM0553    ,    4380,    7620,    5010,25.7,29.5,44.8
9540,GM0262    ,    5530,   10560,    8700,22.3,35.1,42.6
9583,GM0809    ,    5140,    8410,    4250,28.9,23.9,47.2
9620,GM0331    ,    3730,    5090,    2300,33.5,20.7,45.8
9636,GM0168    ,    4890,    8210,    4130,28.4,24.0,47.6
9655,GM0263    ,    6510,    8920,    4330,32.9,21.9,45.1
9685,GM1641    ,    5290,    8000,    5090,28.8,27.7,43.5
9710,GM0556    ,    8230,   10750,    5840,33.2,23.5,43.3
9738,GM0935    ,   24290,   37860,   34500,25.1,35.7,39.2
9790,GM0420    ,   10930,   16000,    7350,31.9,21.4,46.7
9868,GM0938    ,    3470,    5730,    4590,25.2,33.3,41.6
9886,GM1948    ,   18460,   27900,   16090,29.6,25.8,44.7
9984,GM0119    ,    6710,   11730,    7650,25.7,29.3,45.0
10045,GM0687    ,    8880,   16740,   10790,24.4,29.6,46.0
10142,GM1842    ,    3250,    5910,    5340,22.4,36.8,40.8
10158,GM1731    ,    6140,   12570,    6660,24.2,26.3,49.5
10224,GM1952    ,   13670,   21990,   10360,29.7,22.5,47.8
10337,GM0815    ,    2560,    4030,    1840,30.4,21.8,47.8
10357,GM1709    ,    8040,   13990,    6260,28.4,22.1,49.5
10408,GM1978    ,    9600,   16280,    6930,29.3,21.1,49.6
10543,GM1955    ,    8540,   13330,    5590,31.1,20.4,48.5
10574,GM0335    ,    2810,    4490,    2970,27.4,28.9,43.7
10590,GM0944    ,    1160,    2350,    2520,19.2,41.8,39.0
10598,GM1740    ,    6270,    8700,    3020,34.9,16.8,48.4
10620,GM0946    ,    3940,    5970,    3200,30.1,24.4,45.5
10641,GM0356    ,   13880,   21090,   14440,28.1,29.2,42.7
10703,GM0569    ,    5950,   10480,    5620,27.0,25.5,47.5
10735,GM0267    ,    9350,   14050,    8960,28.9,27.7,43.4
10774,GM0268    ,   29690,   48220,   64270,20.9,45.2,33.9
10828,GM1930    ,   20720,   32070,   12560,31.7,19.2,49.1
10941,GM1970    ,   10260,   16640,    6620,30.6,19.7,49.6
11054,GM1695    ,    1420,    2860,    1510,24.5,26.1,49.4
11075,GM1699    ,    5010,   10160,    7410,22.2,32.8,45.0
11116,GM0171    ,   10040,   17720,    7910,28.1,22.2,49.7
11178,GM0575    ,    8450,   14350,   10670,25.2,31.9,42.9
11229,GM0820    ,    3640,    6300,    7250,21.2,42.2,36.6
11243,GM0302    ,    6490,    9290,    4500,32.0,22.2,45.8
11260,GM0579    ,    2850,    5250,   10070,15.7,55.4,28.9
11274,GM0823    ,    4320,    6490,    3660,29.9,25.3,44.9
11294,GM0824    ,    5770,   10230,    8080,24.0,33.6,42.5
11349,GM1895    ,    9950,   13930,    5080,34.4,17.5,48.1
11411,GM0269    ,    6370,    8040,    3110,36.4,17.8,45.9
11441,GM0173    ,    6430,   10020,    7000,27.4,29.9,42.7
11470,GM1773    ,    3360,    6510,    4060,24.1,29.1,46.7
11506,GM0175    ,    3930,    6220,    3440,28.9,25.3,45.8
11564,GM1586    ,    5730,   11110,    5470,25.7,24.5,49.8
11613,GM0826    ,   12190,   17930,   12050,28.9,28.6,42.5
11672,GM0085    ,    5460,    9350,    4290,28.6,22.5,49.0
11745,GM0431    ,    1750,    3380,    2060,24.3,28.7,47.0
11751,GM0432    ,    2400,    4500,    2220,26.3,24.3,49.3
11766,GM0086    ,    6030,   10280,    5830,27.2,26.3,46.4
11832,GM0828    ,   21480,   31920,   17630,30.2,24.8,44.9
11962,GM1509    ,    8980,   14540,    6120,30.3,20.6,49.1
11999,GM0437    ,    1860,    3780,    4930,17.6,46.6,35.8
12008,GM0589    ,    1970,    3630,    1920,26.2,25.5,48.3
12031,GM1734    ,    9230,   15310,   11380,25.7,31.7,42.6
12138,GM0590    ,    6300,   11670,    5590,26.7,23.7,49.5
12148,GM1894    ,    9520,   15640,    8450,28.3,25.1,46.5
12187,GM0765    ,    3300,    4660,    1160,36.2,12.7,51.1
12195,GM1926    ,    9630,   16270,   15810,23.1,37.9,39.0
12228,GM0439    ,   17810,   28940,   15270,28.7,24.6,46.7
12263,GM0273    ,    5800,    7890,    4130,32.5,23.2,44.3
12279,GM0177    ,    7130,   13970,    7270,25.1,25.6,49.2
12327,GM0703    ,    5720,    8250,    2440,34.9,14.9,50.3
12363,GM0274    ,    4940,    8040,    9750,21.7,42.9,35.4
12430,GM0339    ,    1190,    2070,     890,28.7,21.4,49.9
12434,GM1667    ,    2680,    4710,    2630,26.7,26.2,47.0
12450,GM0275    ,    9320,   12420,    9860,29.5,31.2,39.3
12477,GM0340    ,    4250,    6270,    4190,28.9,28.5,42.6
12522,GM0597    ,   10970,   15500,    7500,32.3,22.1,45.6
12547,GM1742    ,    7840,   13350,    6170,28.7,22.6,48.8
12591,GM0603    ,    9840,   15720,   15610,23.9,37.9,38.2
12635,GM1669    ,    4290,    7270,    3980,27.6,25.6,46.8
12666,GM0957    ,   13870,   18390,   12900,30.7,28.6,40.7
12713,GM0736    ,    8440,   14460,   10730,25.1,31.9,43.0
12747,GM1674    ,   17670,   25410,   15290,30.3,26.2,43.5
12817,GM0599    ,  155620,  189430,  161720,30.7,31.9,37.4
12932,GM0277    ,     130,     400,     690,10.7,56.6,32.8
12936,GM0840    ,    6790,    8160,    3100,37.6,17.2,45.2
12953,GM0441    ,    9240,   15900,    9590,26.6,27.6,45.8
13047,GM0279    ,    2190,    3490,    1720,29.6,23.2,47.2
13052,GM0606    ,   19430,   26100,   15260,32.0,25.1,42.9
13115,GM0088    ,     140,     340,     240,19.4,33.3,47.2
13119,GM1676    ,    7130,   11920,    5970,28.5,23.9,47.6
13187,GM0965    ,    2240,    3270,    2230,28.9,28.8,42.2
13199,GM1702    ,    2240,    4390,    2380,24.9,26.4,48.7
13220,GM0845    ,    5560,    9110,    7170,25.5,32.8,41.7
13249,GM1883    ,   21450,   29150,   19690,30.5,28.0,41.5
13295,GM0610    ,    6000,    8870,    3810,32.1,20.4,47.5
13333,GM1714    ,    5130,    8180,    3860,29.9,22.5,47.6
13384,GM0090    ,   11880,   19160,   10290,28.7,24.9,46.4
13418,GM0342    ,    8800,   13350,   12410,25.5,35.9,38.6
13456,GM0847    ,    4330,    6450,    4140,29.0,27.7,43.2
13474,GM0848    ,    2610,    4890,    5070,20.8,40.3,38.9
13485,GM0037    ,    7870,   11770,    3730,33.7,16.0,50.4
13518,GM0180    ,    4130,    6200,    1960,33.6,15.9,50.4
13552,GM0532    ,    5710,    7590,    2990,35.1,18.4,46.6
13582,GM0851    ,    5780,    8800,    4000,31.1,21.5,47.4
13606,GM1708    ,    9530,   15660,    8010,28.7,24.1,47.2
13731,GM0971    ,    5580,    8280,    4840,29.8,25.9,44.3
13748,GM1904    ,   12190,   19110,   17120,25.2,35.4,39.5
13858,GM1900    ,   17990,   31680,   16930,27.0,25.4,47.6
14035,GM0715    ,   13080,   19190,    8120,32.4,20.1,47.5
14107,GM0093    ,     840,    1980,    1040,21.8,26.9,51.3
14130,GM0448    ,    2750,    5150,    2530,26.4,24.3,49.4
14146,GM1525    ,    6310,   11990,   10090,22.2,35.5,42.2
14209,GM0716    ,    6900,    9150,    3200,35.8,16.6,47.5
14235,GM0281    ,   11040,   14120,    7300,34.0,22.5,43.5
14270,GM0855    ,   47890,   70990,   56210,27.4,32.1,40.5
14584,GM0183    ,    4310,    7880,    4050,26.5,24.9,48.5
14614,GM1700    ,    8740,   11900,    4350,35.0,17.4,47.6
14648,GM1730    ,    5000,    9350,   10060,20.5,41.2,38.3
14709,GM0737    ,    6160,   10990,    6290,26.3,26.8,46.9
14751,GM0856    ,    9080,   14060,    8680,28.5,27.3,44.2
14781,GM0450    ,    1920,    5010,    3410,18.6,33.0,48.5
14789,GM0451    ,    6000,    9500,    7360,26.2,32.2,41.6
14812,GM0184    ,    5330,    7610,    1720,36.4,11.7,51.9
14825,GM0344    ,   52530,   79870,  152060,18.5,53.5,28.1
14947,GM1581    ,    7950,   12460,   15350,22.2,42.9,34.8
14986,GM0981    ,    2160,    3920,    1560,28.3,20.4,51.3
14998,GM0994    ,    3290,    5020,    3790,27.2,31.3,41.5
15037,GM0858    ,    6340,    9780,    7010,27.4,30.3,42.3
15061,GM0047    ,    6570,    9760,    4300,31.8,20.8,47.3
15082,GM0345    ,   13900,   22820,   13210,27.8,26.5,45.7
15127,GM0717    ,    3530,    7920,    4360,22.3,27.6,50.1
15179,GM0861    ,    8050,   14030,   12090,23.6,35.4,41.1
15200,GM0453    ,   14370,   23700,   13620,27.8,26.3,45.9
15274,GM0983    ,   25550,   33130,   19110,32.8,24.6,42.6
15410,GM0984    ,    9600,   15470,    8300,28.8,24.9,46.4
15466,GM1961    ,   13810,   19070,    9990,32.2,23.3,44.5
15594,GM0622    ,   17900,   24090,   12860,32.6,23.4,43.9
15643,GM0096    ,     230,     550,     250,22.3,24.3,53.4
15647,GM0718    ,    9450,   16550,    7430,28.3,22.2,49.5
15698,GM0986    ,    2060,    3860,    3150,22.7,34.7,42.6
15721,GM0626    ,    4170,    6000,    8080,22.8,44.3,32.9
15735,GM0285    ,    4640,    8470,    5220,25.3,28.5,46.2
15771,GM0865    ,    5320,    8200,    9630,23.0,41.6,35.4
15799,GM1949    ,   10190,   16810,    7660,29.4,22.1,48.5
15943,GM0866    ,    2250,    4080,    6160,18.0,49.3,32.7
15950,GM0867    ,   11990,   16890,    8410,32.2,22.6,45.3
15977,GM0627    ,    6340,    9940,    6540,27.8,28.7,43.6
16004,GM0289    ,    5570,    9270,   17300,17.3,53.8,28.8
16050,GM0629    ,    3690,    6650,    8500,19.6,45.1,35.3
16074,GM0852    ,    2680,    4990,    4940,21.3,39.2,39.6
16100,GM0988    ,   10430,   16500,   10840,27.6,28.7,43.7
16155,GM0457    ,    3650,    5260,    6300,24.0,41.4,34.6
16183,GM1960    ,   11960,   17440,    9420,30.8,24.3,44.9
16262,GM0668    ,    4140,    7210,    3680,27.5,24.5,48.0
16287,GM1969    ,   11670,   22360,   13170,24.7,27.9,47.4
16386,GM1701    ,    3740,    6660,    4270,25.5,29.1,45.4
16450,GM0293    ,    3360,    5330,    2920,28.9,25.2,45.9
16458,GM1950    ,    6650,    9590,    3530,33.6,17.9,48.5
16528,GM1783    ,   24740,   38200,   20770,29.6,24.8,45.6
16612,GM0098    ,    5670,    9500,    4170,29.3,21.6,49.1
16693,GM0614    ,    2610,    4960,    3490,23.6,31.6,44.8
16712,GM0189    ,    4520,    8590,    4900,25.1,27.2,47.7
16747,GM0296    ,    8310,   13600,    9410,26.5,30.0,43.4
16817,GM1696    ,    4440,    7520,    6040,24.7,33.6,41.8
16842,GM0352    ,    4390,    8390,    5410,24.1,29.7,46.1
16865,GM0294    ,    6370,   10340,    5080,29.2,23.3,47.5
16885,GM0873    ,    5190,    7330,    4020,31.4,24.3,44.3
16906,GM0632    ,    9690,   16140,   13390,24.7,34.1,41.2
16946,GM1690    ,    4650,    8720,    4750,25.7,26.2,48.1
17001,GM0880    ,    2970,    5950,    3200,24.5,26.4,49.1
17019,GM0351    ,    2440,    4480,    2960,24.7,30.0,45.3
17033,GM0479    ,   34240,   53000,   30860,29.0,26.1,44.9
17103,GM0297    ,    6890,    9570,    5680,31.1,25.7,43.2
17135,GM0473    ,    3420,    4950,    4400,26.8,34.5,38.8
17159,GM0050    ,    3980,    8810,    5200,22.1,28.9,49.0
17172,GM0355    ,   10900,   15940,   20840,22.9,43.7,33.4
17213,GM0299    ,    9900,   15700,    7870,29.6,23.5,46.9
17266,GM0637    ,   24940,   40900,   28620,26.4,30.3,43.3
17302,GM0638    ,    1660,    2900,    2390,23.9,34.4,41.7
17330,GM1892    ,    8820,   14540,   10300,26.2,30.6,43.2
17388,GM0879    ,    5390,    7710,    4050,31.4,23.6,45.0
17405,GM0301    ,   10030,   15280,   11610,27.2,31.4,41.4
17443,GM1896    ,    5900,    7850,    2990,35.2,17.9,46.9
17484,GM0642    ,   10140,   15430,    7040,31.1,21.6,47.3
17586,GM0193    ,   22120,   38040,   38780,22.4,39.2,38.4
